     1.000000000000000    -0.002520000100000
     0.000000000000000     0.000000000000000
     0.853370670000000    -0.040162686000000
     0.705419480000000    -0.072227180000000
     0.556260820000000    -0.098085947000000
     0.405921880000000    -0.115657040000000
     0.254651130000000    -0.119131030000000
     0.105557710000000    -0.095361158000000
     0.107281580000000     0.095875792000000
     0.258243260000000     0.119348240000000
     0.411305610000000     0.115258720000000
     0.563380120000000     0.097023085000000
     0.714249370000000     0.070495941000000
     0.863881590000000     0.037689120000000
   -50.000000000000000   -50.000000000000000
    50.000000000000000   -50.000000000000000
   -25.000654000000001   -50.000000000000000
    -0.002052307100000   -50.000000000000000
    25.000031000000000   -50.000000000000000
    50.000000000000000    50.000000000000000
    50.000000000000000   -25.000157999999999
    50.000000000000000    -0.000061035156000
    50.000000000000000    25.005997000000001
   -50.000000000000000    50.000000000000000
    25.000153999999998    50.000000000000000
     0.000072479248000    50.000000000000000
   -25.000022999999999    50.000000000000000
   -50.000000000000000    25.000153999999998
   -50.000000000000000     0.000064849854000
   -50.000000000000000   -25.000031000000000
