        30        15        17
        18         8        17
        17         2        30
         2        28        29
        24        28        27
         2        29        30
        27        28         2
        27         2         9
         2        17         8
         9         2         8
         8        18         7
        26        27         9
         9         8         7
        10         9         7
         7        18         6
        26         9        10
        10         7         6
        11        10         6
         6        18         5
        26        10        11
        11         6         5
        12        11         5
         5        18         4
        26        11        12
        12         5         4
        13        12         4
         4        18         3
        26        12        13
        13         4         3
        14        13         3
         3        18         1
        26        13        14
        14         3         1
        26        14         1
         1        18        19
        16        21        19
        26         1        25
        21         1        19
        22         1        21
        23         1        22
        25         1        23
        25        23        20
